
=== grid N=64  (H1 control: K=0 must give exactly 64 components, R=6.0000) ===
  K        components   R (bits)     R/R(0)
  0.0000           64     6.0000     1.0000  <-- H1 HIT
  0.1000            1    -0.0000    -0.0000
  0.2000            1    -0.0000    -0.0000
  0.3000            1    -0.0000    -0.0000
  0.4000            1    -0.0000    -0.0000
  0.5000            1    -0.0000    -0.0000
  0.6000            1    -0.0000    -0.0000
  0.7000            1    -0.0000    -0.0000
  0.8000            1    -0.0000    -0.0000
  0.9000            1    -0.0000    -0.0000
  0.9716            1    -0.0000    -0.0000  <-- K_c
  1.0000            1    -0.0000    -0.0000
  1.2000            1    -0.0000    -0.0000
  1.5000            1    -0.0000    -0.0000
  2.0000            1    -0.0000    -0.0000

=== grid N=128  (H1 control: K=0 must give exactly 128 components, R=7.0000) ===
  K        components   R (bits)     R/R(0)
  0.0000          128     7.0000     1.0000  <-- H1 HIT
  0.1000            1    -0.0000    -0.0000
  0.2000            1    -0.0000    -0.0000
  0.3000            1    -0.0000    -0.0000
  0.4000            1    -0.0000    -0.0000
  0.5000            1    -0.0000    -0.0000
  0.6000            1    -0.0000    -0.0000
  0.7000            1    -0.0000    -0.0000
  0.8000            1    -0.0000    -0.0000
  0.9000            1    -0.0000    -0.0000
  0.9716            1    -0.0000    -0.0000  <-- K_c
  1.0000            1    -0.0000    -0.0000
  1.2000            1    -0.0000    -0.0000
  1.5000            1    -0.0000    -0.0000
  2.0000            1    -0.0000    -0.0000

=== grid N=256  (H1 control: K=0 must give exactly 256 components, R=8.0000) ===
  K        components   R (bits)     R/R(0)
  0.0000          256     8.0000     1.0000  <-- H1 HIT
  0.1000            1    -0.0000    -0.0000
  0.2000            1    -0.0000    -0.0000
  0.3000            1    -0.0000    -0.0000
  0.4000            1    -0.0000    -0.0000
  0.5000            1    -0.0000    -0.0000
  0.6000            1    -0.0000    -0.0000
  0.7000            1    -0.0000    -0.0000
  0.8000            1    -0.0000    -0.0000
  0.9000            1    -0.0000    -0.0000
  0.9716            1    -0.0000    -0.0000  <-- K_c
  1.0000            1    -0.0000    -0.0000
  1.2000            1    -0.0000    -0.0000
  1.5000            1    -0.0000    -0.0000
  2.0000            1    -0.0000    -0.0000
