standard map, transport instrument: 256 y-bands, 8192 orbits, 3000 steps
  K          bands left   R (bits)     R/R(0)   note
  0.0000            256     8.0000     1.0000   J1 HIT
  0.0500              1    -0.0000    -0.0000   
  0.1000              1    -0.0000    -0.0000   J2 MISS (needs MANY components)
  0.2000              1    -0.0000    -0.0000   
  0.3000              1    -0.0000    -0.0000   
  0.4000              1    -0.0000    -0.0000   
  0.5000              1    -0.0000    -0.0000   
  0.6000              1    -0.0000    -0.0000   
  0.7000              1    -0.0000    -0.0000   
  0.8000              1    -0.0000    -0.0000   
  0.9000              1    -0.0000    -0.0000   
  0.9500              1    -0.0000    -0.0000   
  0.9716              1    -0.0000    -0.0000   <-- known K_c
  1.0000              1    -0.0000    -0.0000   
  1.1000              1    -0.0000    -0.0000   
  1.3000              1    -0.0000    -0.0000   
