# DCP projection: Delta_CP/deg Delta_chi^2
 -180 8.183365e-01
 -175 7.555495e-01
 -170 8.366780e-01
 -165 6.529421e-01
 -160 3.208028e-01
 -155 1.055545e-01
 -150 0.000000e+00
 -145 1.859921e-02
 -140 1.428353e-01
 -135 3.300583e-01
 -130 5.627736e-01
 -125 8.506448e-01
 -120 1.137810e+00
 -115 1.431957e+00
 -110 1.748242e+00
 -105 2.044884e+00
 -100 2.297695e+00
  -95 2.524364e+00
  -90 2.718917e+00
  -85 2.871788e+00
  -80 2.990146e+00
  -75 3.085930e+00
  -70 3.154436e+00
  -65 3.204467e+00
  -60 3.254684e+00
  -55 3.308964e+00
  -50 3.375158e+00
  -45 3.507286e+00
  -40 3.690221e+00
  -35 3.906135e+00
  -30 4.214932e+00
  -25 4.603324e+00
  -20 5.074100e+00
  -15 5.649304e+00
  -10 6.357959e+00
   -5 7.163568e+00
   -0 8.046239e+00
    5 9.048116e+00
   10 1.017589e+01
   15 1.071324e+01
   20 1.116870e+01
   25 1.168529e+01
   30 1.221588e+01
   35 1.273990e+01
   40 1.327525e+01
   45 1.378328e+01
   50 1.426574e+01
   55 1.472160e+01
   60 1.507878e+01
   65 1.530450e+01
   70 1.545723e+01
   75 1.548587e+01
   80 1.537289e+01
   85 1.514540e+01
   90 1.478985e+01
   95 1.427530e+01
  100 1.363200e+01
  105 1.288858e+01
  110 1.204113e+01
  115 1.109631e+01
  120 1.010728e+01
  125 9.054319e+00
  130 7.967247e+00
  135 6.906913e+00
  140 5.881987e+00
  145 4.881062e+00
  150 3.960236e+00
  155 3.129502e+00
  160 2.392267e+00
  165 1.785770e+00
  170 1.337312e+00
  175 1.020450e+00
  180 8.183365e-01

