# DCP projection: Delta_CP/deg Delta_chi^2
 -180 2.279017e+01
 -175 2.078329e+01
 -170 1.890471e+01
 -165 1.717987e+01
 -160 1.561744e+01
 -155 1.420499e+01
 -150 1.291926e+01
 -145 1.177741e+01
 -140 1.075055e+01
 -135 9.836811e+00
 -130 9.039610e+00
 -125 8.354540e+00
 -120 7.747227e+00
 -115 7.228661e+00
 -110 6.807504e+00
 -105 6.469933e+00
 -100 6.206561e+00
  -95 6.026720e+00
  -90 5.934487e+00
  -85 5.908214e+00
  -80 5.968634e+00
  -75 6.135356e+00
  -70 6.401455e+00
  -65 6.771448e+00
  -60 7.277938e+00
  -55 7.916012e+00
  -50 8.688189e+00
  -45 9.632828e+00
  -40 1.072811e+01
  -35 1.195343e+01
  -30 1.335281e+01
  -25 1.494190e+01
  -20 1.669891e+01
  -15 1.860713e+01
  -10 2.070505e+01
   -5 2.297076e+01
   -0 2.535219e+01
    5 2.786949e+01
   10 3.046600e+01
   15 3.312282e+01
   20 3.583448e+01
   25 3.859304e+01
   30 4.131001e+01
   35 4.398605e+01
   40 4.659424e+01
   45 4.903681e+01
   50 5.127502e+01
   55 5.335029e+01
   60 5.515273e+01
   65 5.667027e+01
   70 5.793125e+01
   75 5.885136e+01
   80 5.940479e+01
   85 5.962870e+01
   90 5.951286e+01
   95 5.903522e+01
  100 5.821434e+01
  105 5.708868e+01
  110 5.565103e+01
  115 5.391666e+01
  120 5.197919e+01
  125 4.984210e+01
  130 4.751069e+01
  135 4.504435e+01
  140 4.248893e+01
  145 3.984799e+01
  150 3.723549e+01
  155 3.464936e+01
  160 3.208047e+01
  165 2.961581e+01
  170 2.725761e+01
  175 2.495445e+01
  180 2.279017e+01

