# DCP projection: Delta_CP/deg Delta_chi^2
 -180 1.033529e+00
 -175 1.086869e+00
 -170 7.616494e-01
 -165 3.828023e-01
 -160 1.156667e-01
 -155 0.000000e+00
 -150 8.271284e-03
 -145 1.382942e-01
 -140 3.805256e-01
 -135 6.472723e-01
 -130 9.777441e-01
 -125 1.372422e+00
 -120 1.762563e+00
 -115 2.156015e+00
 -110 2.557540e+00
 -105 2.920585e+00
 -100 3.236888e+00
  -95 3.513253e+00
  -90 3.726172e+00
  -85 3.871021e+00
  -80 3.951621e+00
  -75 3.981008e+00
  -70 3.952394e+00
  -65 3.874508e+00
  -60 3.777637e+00
  -55 3.639923e+00
  -50 3.473693e+00
  -45 3.340469e+00
  -40 3.238596e+00
  -35 3.160294e+00
  -30 3.164147e+00
  -25 3.259131e+00
  -20 3.441797e+00
  -15 3.711797e+00
  -10 4.095311e+00
   -5 4.608114e+00
   -0 5.252930e+00
    5 6.025307e+00
   10 6.471073e+00
   15 6.601166e+00
   20 6.840932e+00
   25 7.164385e+00
   30 7.560893e+00
   35 7.997476e+00
   40 8.467844e+00
   45 8.948825e+00
   50 9.450784e+00
   55 9.954153e+00
   60 1.040555e+01
   65 1.077472e+01
   70 1.106003e+01
   75 1.124939e+01
   80 1.133236e+01
   85 1.131609e+01
   90 1.118137e+01
   95 1.091971e+01
  100 1.054443e+01
  105 1.007558e+01
  110 9.501848e+00
  115 8.823666e+00
  120 8.078629e+00
  125 7.273019e+00
  130 6.419940e+00
  135 5.592736e+00
  140 4.793394e+00
  145 4.009755e+00
  150 3.301031e+00
  155 2.642049e+00
  160 2.073699e+00
  165 1.621587e+00
  170 1.311164e+00
  175 1.127458e+00
  180 1.033529e+00

