# DCP projection: Delta_CP/deg Delta_chi^2
 -180 1.752683e+01
 -175 1.568990e+01
 -170 1.398295e+01
 -165 1.241717e+01
 -160 1.099017e+01
 -155 9.698022e+00
 -150 8.510250e+00
 -145 7.447411e+00
 -140 6.515079e+00
 -135 5.682827e+00
 -130 4.946356e+00
 -125 4.313786e+00
 -120 3.753679e+00
 -115 3.256038e+00
 -110 2.834673e+00
 -105 2.473377e+00
 -100 2.166654e+00
  -95 1.920000e+00
  -90 1.732507e+00
  -85 1.583999e+00
  -80 1.495752e+00
  -75 1.485872e+00
  -70 1.549873e+00
  -65 1.692241e+00
  -60 1.943315e+00
  -55 2.285540e+00
  -50 2.727618e+00
  -45 3.315448e+00
  -40 4.049990e+00
  -35 4.902742e+00
  -30 5.917236e+00
  -25 7.091542e+00
  -20 8.436558e+00
  -15 9.961945e+00
  -10 1.166680e+01
   -5 1.354360e+01
   -0 1.555327e+01
    5 1.770253e+01
   10 1.998569e+01
   15 2.236264e+01
   20 2.484528e+01
   25 2.740787e+01
   30 2.996394e+01
   35 3.248908e+01
   40 3.499177e+01
   45 3.737150e+01
   50 3.962900e+01
   55 4.177249e+01
   60 4.369084e+01
   65 4.535769e+01
   70 4.679424e+01
   75 4.792263e+01
   80 4.872995e+01
   85 4.922493e+01
   90 4.938121e+01
   95 4.919153e+01
  100 4.867467e+01
  105 4.786461e+01
  110 4.673549e+01
  115 4.531392e+01
  120 4.369486e+01
  125 4.187129e+01
  130 3.983898e+01
  135 3.771008e+01
  140 3.543402e+01
  145 3.306913e+01
  150 3.070930e+01
  155 2.836545e+01
  160 2.603757e+01
  165 2.379153e+01
  170 2.160996e+01
  175 1.950004e+01
  180 1.752683e+01

