equi_surface_lex_n12_p3_q7_o1_g2_#1=[[1,2,3],[1,2,4],[1,3,5],[1,4,6],
 [1,5,7],[1,6,8],[1,7,8],[2,3,6],[2,4,7],[2,6,9],[2,7,10],[2,9,10],
 [3,5,9],[3,6,11],[3,9,12],[3,11,12],[4,6,9],[4,7,8],[4,8,12],[4,9,12],
 [5,7,11],[5,9,10],[5,10,12],[5,11,12],[6,8,11],[7,10,11],[8,10,11],
 [8,10,12]]

equi_surface_lex_n12_p3_q7_o1_g2_#2=[[1,2,3],[1,2,4],[1,3,5],[1,4,6],
 [1,5,7],[1,6,8],[1,7,8],[2,3,6],[2,4,7],[2,6,9],[2,7,10],[2,9,10],
 [3,5,10],[3,6,11],[3,9,10],[3,9,11],[4,6,9],[4,7,8],[4,8,12],[4,9,12],
 [5,7,12],[5,8,11],[5,8,12],[5,10,11],[6,8,11],[7,10,12],[9,11,12],
 [10,11,12]]

equi_surface_lex_n12_p3_q7_o1_g2_#3=[[1,2,3],[1,2,4],[1,3,5],[1,4,6],
 [1,5,7],[1,6,8],[1,7,8],[2,3,6],[2,4,8],[2,6,9],[2,8,10],[2,9,10],
 [3,4,8],[3,4,11],[3,5,11],[3,6,8],[4,6,12],[4,11,12],[5,7,9],[5,9,12],
 [5,10,11],[5,10,12],[6,9,12],[7,8,10],[7,9,11],[7,10,12],[7,11,12],
 [9,10,11]]

equi_surface_lex_n12_p3_q7_o1_g2_#4=[[1,2,3],[1,2,4],[1,3,5],[1,4,6],
 [1,5,7],[1,6,8],[1,7,8],[2,3,6],[2,4,8],[2,6,9],[2,8,10],[2,9,10],
 [3,4,8],[3,4,11],[3,5,11],[3,6,8],[4,6,12],[4,11,12],[5,7,12],[5,9,10],
 [5,9,11],[5,10,12],[6,9,12],[7,8,10],[7,9,11],[7,9,12],[7,10,11],
 [10,11,12]]

equi_surface_lex_n12_p3_q7_o1_g2_#5=[[1,2,3],[1,2,4],[1,3,5],[1,4,6],
 [1,5,7],[1,6,8],[1,7,8],[2,3,6],[2,4,9],[2,6,10],[2,7,9],[2,7,10],
 [3,5,9],[3,6,8],[3,8,11],[3,9,11],[4,5,9],[4,5,11],[4,6,12],[4,11,12],
 [5,7,10],[5,10,11],[6,10,12],[7,8,12],[7,9,12],[8,10,11],[8,10,12],
 [9,11,12]]

equi_surface_lex_n12_p3_q7_o1_g2_#6=[[1,2,3],[1,2,4],[1,3,5],[1,4,6],
 [1,5,7],[1,6,8],[1,7,8],[2,3,6],[2,4,9],[2,6,10],[2,7,9],[2,7,10],
 [3,5,9],[3,6,11],[3,9,12],[3,11,12],[4,6,10],[4,9,11],[4,10,12],
 [4,11,12],[5,7,10],[5,8,10],[5,8,11],[5,9,11],[6,8,11],[7,8,12],
 [7,9,12],[8,10,12]]
