manifold_lex_d2_n9_o1_g1_#1=[[1,2,3],[1,2,4],[1,3,4],[2,3,5],[2,4,5],
 [3,4,6],[3,5,7],[3,6,8],[3,7,9],[3,8,9],[4,5,8],[4,6,9],[4,7,8],
 [4,7,9],[5,6,7],[5,6,9],[5,8,9],[6,7,8]]

manifold_lex_d2_n9_o1_g1_#2=[[1,2,3],[1,2,4],[1,3,4],[2,3,5],[2,4,6],
 [2,5,6],[3,4,7],[3,5,8],[3,6,7],[3,6,9],[3,8,9],[4,5,7],[4,5,9],
 [4,6,8],[4,8,9],[5,6,9],[5,7,8],[6,7,8]]

manifold_lex_d2_n9_o1_g1_#3=[[1,2,3],[1,2,4],[1,3,4],[2,3,5],[2,4,6],
 [2,5,6],[3,4,7],[3,5,8],[3,6,7],[3,6,9],[3,8,9],[4,6,8],[4,7,9],
 [4,8,9],[5,6,9],[5,7,8],[5,7,9],[6,7,8]]

manifold_lex_d2_n9_o1_g1_#4=[[1,2,3],[1,2,4],[1,3,4],[2,3,5],[2,4,6],
 [2,5,6],[3,4,7],[3,5,8],[3,6,8],[3,6,9],[3,7,9],[4,5,8],[4,5,9],
 [4,6,9],[4,7,8],[5,6,7],[5,7,9],[6,7,8]]

manifold_lex_d2_n9_o1_g1_#5=[[1,2,3],[1,2,4],[1,3,4],[2,3,5],[2,4,6],
 [2,5,6],[3,4,7],[3,5,8],[3,6,8],[3,6,9],[3,7,9],[4,6,9],[4,7,8],
 [4,8,9],[5,6,7],[5,7,9],[5,8,9],[6,7,8]]

manifold_lex_d2_n9_o1_g1_#6=[[1,2,3],[1,2,4],[1,3,4],[2,3,5],[2,4,6],
 [2,5,7],[2,6,7],[3,4,7],[3,5,6],[3,6,8],[3,7,8],[4,5,8],[4,5,9],
 [4,6,8],[4,7,9],[5,6,9],[5,7,8],[6,7,9]]

manifold_lex_d2_n9_o1_g1_#7=[[1,2,3],[1,2,4],[1,3,4],[2,3,5],[2,4,6],
 [2,5,7],[2,6,7],[3,4,7],[3,5,6],[3,6,8],[3,7,8],[4,6,8],[4,7,9],
 [4,8,9],[5,6,9],[5,7,8],[5,8,9],[6,7,9]]

manifold_lex_d2_n9_o1_g1_#8=[[1,2,3],[1,2,4],[1,3,4],[2,3,5],[2,4,6],
 [2,5,7],[2,6,7],[3,4,7],[3,5,8],[3,6,8],[3,6,9],[3,7,9],[4,5,8],
 [4,5,9],[4,6,9],[4,7,8],[5,7,9],[6,7,8]]

manifold_lex_d2_n9_o1_g1_#9=[[1,2,3],[1,2,4],[1,3,4],[2,3,5],[2,4,6],
 [2,5,7],[2,6,7],[3,4,7],[3,5,8],[3,6,8],[3,6,9],[3,7,9],[4,6,9],
 [4,7,8],[4,8,9],[5,7,9],[5,8,9],[6,7,8]]

manifold_lex_d2_n9_o1_g1_#10=[[1,2,3],[1,2,4],[1,3,4],[2,3,5],[2,4,6],
 [2,5,7],[2,6,7],[3,4,8],[3,5,6],[3,6,9],[3,7,8],[3,7,9],[4,5,7],
 [4,5,8],[4,6,9],[4,7,9],[5,6,8],[6,7,8]]

manifold_lex_d2_n9_o1_g1_#11=[[1,2,3],[1,2,4],[1,3,4],[2,3,5],[2,4,6],
 [2,5,7],[2,6,7],[3,4,8],[3,5,6],[3,6,9],[3,7,8],[3,7,9],[4,5,8],
 [4,5,9],[4,6,9],[5,6,8],[5,7,9],[6,7,8]]

manifold_lex_d2_n9_o1_g1_#12=[[1,2,3],[1,2,4],[1,3,4],[2,3,5],[2,4,6],
 [2,5,7],[2,6,7],[3,4,8],[3,5,6],[3,6,9],[3,7,8],[3,7,9],[4,6,9],
 [4,8,9],[5,6,8],[5,7,9],[5,8,9],[6,7,8]]

manifold_lex_d2_n9_o1_g1_#13=[[1,2,3],[1,2,4],[1,3,4],[2,3,5],[2,4,6],
 [2,5,7],[2,6,7],[3,4,8],[3,5,6],[3,6,9],[3,8,9],[4,5,7],[4,5,8],
 [4,6,9],[4,7,9],[5,6,8],[6,7,8],[7,8,9]]

manifold_lex_d2_n9_o1_g1_#14=[[1,2,3],[1,2,4],[1,3,4],[2,3,5],[2,4,6],
 [2,5,7],[2,6,7],[3,4,8],[3,5,6],[3,6,9],[3,8,9],[4,5,8],[4,5,9],
 [4,6,9],[5,6,8],[5,7,9],[6,7,8],[7,8,9]]

manifold_lex_d2_n9_o1_g1_#15=[[1,2,3],[1,2,4],[1,3,4],[2,3,5],[2,4,6],
 [2,5,7],[2,6,7],[3,4,8],[3,5,9],[3,6,7],[3,6,8],[3,7,9],[4,5,7],
 [4,5,8],[4,6,9],[4,7,9],[5,6,8],[5,6,9]]

manifold_lex_d2_n9_o1_g1_#16=[[1,2,3],[1,2,4],[1,3,4],[2,3,5],[2,4,6],
 [2,5,7],[2,6,7],[3,4,8],[3,5,9],[3,6,7],[3,6,8],[3,7,9],[4,5,7],
 [4,5,8],[4,6,9],[4,7,9],[5,8,9],[6,8,9]]

manifold_lex_d2_n9_o1_g1_#17=[[1,2,3],[1,2,4],[1,3,4],[2,3,5],[2,4,6],
 [2,5,7],[2,6,7],[3,4,8],[3,5,9],[3,6,7],[3,6,8],[3,7,9],[4,6,9],
 [4,7,8],[4,7,9],[5,6,8],[5,6,9],[5,7,8]]

manifold_lex_d2_n9_o1_g1_#18=[[1,2,3],[1,2,4],[1,3,4],[2,3,5],[2,4,6],
 [2,5,7],[2,6,7],[3,4,8],[3,5,9],[3,6,7],[3,6,8],[3,7,9],[4,6,9],
 [4,7,8],[4,7,9],[5,7,8],[5,8,9],[6,8,9]]

manifold_lex_d2_n9_o1_g1_#19=[[1,2,3],[1,2,4],[1,3,4],[2,3,5],[2,4,6],
 [2,5,7],[2,6,8],[2,7,8],[3,4,7],[3,5,6],[3,6,9],[3,7,9],[4,5,8],
 [4,5,9],[4,6,9],[4,7,8],[5,6,8],[5,7,9]]

manifold_lex_d2_n9_o1_g1_#20=[[1,2,3],[1,2,4],[1,3,4],[2,3,5],[2,4,6],
 [2,5,7],[2,6,8],[2,7,8],[3,4,7],[3,5,6],[3,6,9],[3,7,9],[4,6,9],
 [4,7,8],[4,8,9],[5,6,8],[5,7,9],[5,8,9]]

manifold_lex_d2_n9_o1_g1_#21=[[1,2,3],[1,2,4],[1,3,4],[2,3,5],[2,4,6],
 [2,5,7],[2,6,8],[2,7,8],[3,4,7],[3,5,8],[3,6,7],[3,6,8],[4,5,6],
 [4,5,8],[4,7,8],[5,6,9],[5,7,9],[6,7,9]]

manifold_lex_d2_n9_o1_g1_#22=[[1,2,3],[1,2,4],[1,3,4],[2,3,5],[2,4,6],
 [2,5,7],[2,6,8],[2,7,8],[3,4,7],[3,5,8],[3,6,7],[3,6,8],[4,5,6],
 [4,5,8],[4,7,9],[4,8,9],[5,6,7],[7,8,9]]

manifold_lex_d2_n9_o1_g1_#23=[[1,2,3],[1,2,4],[1,3,4],[2,3,5],[2,4,6],
 [2,5,7],[2,6,8],[2,7,8],[3,4,7],[3,5,8],[3,6,7],[3,6,8],[4,5,6],
 [4,5,9],[4,7,8],[4,8,9],[5,6,7],[5,8,9]]

manifold_lex_d2_n9_o1_g1_#24=[[1,2,3],[1,2,4],[1,3,4],[2,3,5],[2,4,6],
 [2,5,7],[2,6,8],[2,7,8],[3,4,7],[3,5,8],[3,6,7],[3,6,8],[4,5,6],
 [4,5,9],[4,7,9],[5,6,7],[5,8,9],[7,8,9]]

manifold_lex_d2_n9_o1_g1_#25=[[1,2,3],[1,2,4],[1,3,4],[2,3,5],[2,4,6],
 [2,5,7],[2,6,8],[2,7,8],[3,4,7],[3,5,8],[3,6,7],[3,6,8],[4,5,8],
 [4,5,9],[4,6,9],[4,7,8],[5,7,9],[6,7,9]]

manifold_lex_d2_n9_o1_g1_#26=[[1,2,3],[1,2,4],[1,3,4],[2,3,5],[2,4,6],
 [2,5,7],[2,6,8],[2,7,8],[3,4,7],[3,5,8],[3,6,7],[3,6,8],[4,6,9],
 [4,7,8],[4,8,9],[5,6,7],[5,6,9],[5,8,9]]

manifold_lex_d2_n9_o1_g1_#27=[[1,2,3],[1,2,4],[1,3,4],[2,3,5],[2,4,6],
 [2,5,7],[2,6,8],[2,7,8],[3,4,7],[3,5,8],[3,6,7],[3,6,8],[4,6,9],
 [4,7,8],[4,8,9],[5,7,9],[5,8,9],[6,7,9]]

manifold_lex_d2_n9_o1_g1_#28=[[1,2,3],[1,2,4],[1,3,4],[2,3,5],[2,4,6],
 [2,5,7],[2,6,8],[2,7,8],[3,4,7],[3,5,8],[3,6,8],[3,6,9],[3,7,9],
 [4,5,8],[4,5,9],[4,6,9],[4,7,8],[5,7,9]]

manifold_lex_d2_n9_o1_g1_#29=[[1,2,3],[1,2,4],[1,3,4],[2,3,5],[2,4,6],
 [2,5,7],[2,6,8],[2,7,8],[3,4,7],[3,5,8],[3,6,8],[3,6,9],[3,7,9],
 [4,6,9],[4,7,8],[4,8,9],[5,7,9],[5,8,9]]

manifold_lex_d2_n9_o1_g1_#30=[[1,2,3],[1,2,4],[1,3,4],[2,3,5],[2,4,6],
 [2,5,7],[2,6,8],[2,7,8],[3,4,7],[3,5,8],[3,7,9],[3,8,9],[4,5,8],
 [4,5,9],[4,6,9],[4,7,8],[5,7,9],[6,8,9]]

manifold_lex_d2_n9_o1_g1_#31=[[1,2,3],[1,2,4],[1,3,4],[2,3,5],[2,4,6],
 [2,5,7],[2,6,8],[2,7,8],[3,4,7],[3,5,9],[3,6,7],[3,6,8],[3,8,9],
 [4,5,6],[4,5,9],[4,7,8],[4,8,9],[5,6,7]]

manifold_lex_d2_n9_o1_g1_#32=[[1,2,3],[1,2,4],[1,3,4],[2,3,5],[2,4,6],
 [2,5,7],[2,6,8],[2,7,8],[3,4,7],[3,5,9],[3,6,7],[3,6,8],[3,8,9],
 [4,5,6],[4,5,9],[4,7,9],[5,6,7],[7,8,9]]

manifold_lex_d2_n9_o1_g1_#33=[[1,2,3],[1,2,4],[1,3,4],[2,3,5],[2,4,6],
 [2,5,7],[2,6,8],[2,7,8],[3,4,7],[3,5,9],[3,6,7],[3,6,8],[3,8,9],
 [4,6,9],[4,7,8],[4,8,9],[5,6,7],[5,6,9]]

manifold_lex_d2_n9_o1_g1_#34=[[1,2,3],[1,2,4],[1,3,4],[2,3,5],[2,4,6],
 [2,5,7],[2,6,8],[2,7,8],[3,4,7],[3,5,9],[3,6,7],[3,6,8],[3,8,9],
 [4,6,9],[4,7,8],[4,8,9],[5,7,9],[6,7,9]]

manifold_lex_d2_n9_o1_g1_#35=[[1,2,3],[1,2,4],[1,3,4],[2,3,5],[2,4,6],
 [2,5,7],[2,6,8],[2,7,8],[3,4,9],[3,5,6],[3,6,7],[3,7,8],[3,8,9],
 [4,5,7],[4,5,8],[4,6,7],[4,8,9],[5,6,8]]

manifold_lex_d2_n9_o1_g1_#36=[[1,2,3],[1,2,4],[1,3,4],[2,3,5],[2,4,6],
 [2,5,7],[2,6,8],[2,7,8],[3,4,9],[3,5,8],[3,6,7],[3,6,8],[3,7,9],
 [4,5,7],[4,5,8],[4,6,7],[4,8,9],[7,8,9]]

manifold_lex_d2_n9_o1_g1_#37=[[1,2,3],[1,2,4],[1,3,4],[2,3,5],[2,4,6],
 [2,5,7],[2,6,8],[2,7,9],[2,8,9],[3,4,9],[3,5,8],[3,6,7],[3,6,8],
 [3,7,9],[4,5,7],[4,5,8],[4,6,7],[4,8,9]]

manifold_lex_d2_n9_o1_g1_#38=[[1,2,3],[1,2,4],[1,3,5],[1,4,5],[2,3,6],
 [2,4,6],[3,4,7],[3,4,8],[3,5,7],[3,6,9],[3,8,9],[4,5,9],[4,6,8],
 [4,7,9],[5,6,7],[5,6,8],[5,8,9],[6,7,9]]

manifold_lex_d2_n9_o1_g1_#39=[[1,2,3],[1,2,4],[1,3,5],[1,4,5],[2,3,6],
 [2,4,6],[3,4,7],[3,4,8],[3,5,7],[3,6,9],[3,8,9],[4,5,9],[4,6,8],
 [4,7,9],[5,7,8],[5,8,9],[6,7,8],[6,7,9]]

manifold_lex_d2_n9_o1_g1_#40=[[1,2,3],[1,2,4],[1,3,5],[1,4,5],[2,3,6],
 [2,4,6],[3,5,7],[3,6,8],[3,7,9],[3,8,9],[4,5,8],[4,6,9],[4,7,8],
 [4,7,9],[5,6,7],[5,6,9],[5,8,9],[6,7,8]]

manifold_lex_d2_n9_o1_g1_#41=[[1,2,3],[1,2,4],[1,3,5],[1,4,5],[2,3,6],
 [2,4,7],[2,5,6],[2,5,7],[3,4,6],[3,4,8],[3,5,8],[4,5,9],[4,6,7],
 [4,8,9],[5,6,8],[5,7,9],[6,7,8],[7,8,9]]

manifold_lex_d2_n9_o1_g1_#42=[[1,2,3],[1,2,4],[1,3,5],[1,4,5],[2,3,6],
 [2,4,7],[2,5,6],[2,5,7],[3,4,6],[3,4,8],[3,5,8],[4,5,9],[4,6,7],
 [4,8,9],[5,6,8],[5,7,9],[6,7,9],[6,8,9]]

manifold_lex_d2_n9_o1_g1_#43=[[1,2,3],[1,2,4],[1,3,5],[1,4,5],[2,3,6],
 [2,4,7],[2,5,6],[2,5,7],[3,4,6],[3,4,8],[3,5,9],[3,7,8],[3,7,9],
 [4,5,8],[4,6,7],[5,6,9],[5,7,8],[6,7,9]]

manifold_lex_d2_n9_o1_g1_#44=[[1,2,3],[1,2,4],[1,3,5],[1,4,5],[2,3,6],
 [2,4,7],[2,5,6],[2,5,7],[3,4,6],[3,4,8],[3,5,9],[3,7,8],[3,7,9],
 [4,5,8],[4,6,9],[4,7,9],[5,6,9],[5,7,8]]

manifold_lex_d2_n9_o1_g1_#45=[[1,2,3],[1,2,4],[1,3,5],[1,4,5],[2,3,6],
 [2,4,7],[2,5,6],[2,5,7],[3,4,6],[3,4,8],[3,5,9],[3,8,9],[4,5,8],
 [4,6,7],[5,6,9],[5,7,8],[6,7,8],[6,8,9]]

manifold_lex_d2_n9_o1_g1_#46=[[1,2,3],[1,2,4],[1,3,5],[1,4,5],[2,3,6],
 [2,4,7],[2,5,6],[2,5,7],[3,4,6],[3,4,8],[3,5,9],[3,8,9],[4,5,8],
 [4,6,7],[5,6,9],[5,7,8],[6,7,9],[7,8,9]]

manifold_lex_d2_n9_o1_g1_#47=[[1,2,3],[1,2,4],[1,3,5],[1,4,5],[2,3,6],
 [2,4,7],[2,5,6],[2,5,7],[3,4,6],[3,4,8],[3,5,9],[3,8,9],[4,5,8],
 [4,6,9],[4,7,9],[5,6,9],[5,7,8],[7,8,9]]

manifold_lex_d2_n9_o1_g1_#48=[[1,2,3],[1,2,4],[1,3,5],[1,4,5],[2,3,6],
 [2,4,7],[2,5,6],[2,5,7],[3,5,8],[3,6,7],[3,7,8],[4,5,9],[4,6,8],
 [4,6,9],[4,7,8],[5,6,8],[5,7,9],[6,7,9]]

manifold_lex_d2_n9_o1_g1_#49=[[1,2,3],[1,2,4],[1,3,5],[1,4,5],[2,3,6],
 [2,4,7],[2,5,6],[2,5,7],[3,5,8],[3,6,7],[3,7,8],[4,5,9],[4,7,8],
 [4,8,9],[5,6,8],[5,7,9],[6,7,9],[6,8,9]]

manifold_lex_d2_n9_o1_g1_#50=[[1,2,3],[1,2,4],[1,3,5],[1,4,5],[2,3,6],
 [2,4,7],[2,5,6],[2,5,7],[3,5,8],[3,6,9],[3,7,8],[3,7,9],[4,5,9],
 [4,6,8],[4,6,9],[4,7,8],[5,6,8],[5,7,9]]

manifold_lex_d2_n9_o1_g1_#51=[[1,2,3],[1,2,4],[1,3,5],[1,4,5],[2,3,6],
 [2,4,7],[2,5,6],[2,5,7],[3,5,8],[3,6,9],[3,7,8],[3,7,9],[4,5,9],
 [4,7,8],[4,8,9],[5,6,8],[5,7,9],[6,8,9]]

manifold_lex_d2_n9_o1_g1_#52=[[1,2,3],[1,2,4],[1,3,5],[1,4,5],[2,3,6],
 [2,4,7],[2,5,6],[2,5,8],[2,7,8],[3,4,6],[3,4,8],[3,5,7],[3,7,8],
 [4,5,8],[4,6,9],[4,7,9],[5,6,9],[5,7,9]]

manifold_lex_d2_n9_o1_g1_#53=[[1,2,3],[1,2,4],[1,3,5],[1,4,5],[2,3,6],
 [2,4,7],[2,5,6],[2,5,8],[2,7,8],[3,4,6],[3,4,8],[3,5,9],[3,7,8],
 [3,7,9],[4,5,8],[4,6,9],[4,7,9],[5,6,9]]

manifold_lex_d2_n9_o1_g1_#54=[[1,2,3],[1,2,4],[1,3,5],[1,4,5],[2,3,6],
 [2,4,7],[2,5,6],[2,5,8],[2,7,8],[3,4,6],[3,4,8],[3,5,9],[3,8,9],
 [4,5,8],[4,6,7],[5,6,9],[6,7,8],[6,8,9]]

manifold_lex_d2_n9_o1_g1_#55=[[1,2,3],[1,2,4],[1,3,5],[1,4,5],[2,3,6],
 [2,4,7],[2,5,6],[2,5,8],[2,7,8],[3,4,6],[3,4,8],[3,5,9],[3,8,9],
 [4,5,8],[4,6,7],[5,6,9],[6,7,9],[7,8,9]]

manifold_lex_d2_n9_o1_g1_#56=[[1,2,3],[1,2,4],[1,3,5],[1,4,5],[2,3,6],
 [2,4,7],[2,5,6],[2,5,8],[2,7,8],[3,4,6],[3,4,9],[3,5,7],[3,7,8],
 [3,8,9],[4,5,9],[4,6,7],[5,6,7],[5,8,9]]

manifold_lex_d2_n9_o1_g1_#57=[[1,2,3],[1,2,4],[1,3,5],[1,4,5],[2,3,6],
 [2,4,7],[2,5,6],[2,5,8],[2,7,8],[3,4,6],[3,4,9],[3,5,7],[3,7,9],
 [4,5,8],[4,6,7],[4,8,9],[5,6,7],[7,8,9]]

manifold_lex_d2_n9_o1_g1_#58=[[1,2,3],[1,2,4],[1,3,5],[1,4,5],[2,3,6],
 [2,4,7],[2,5,6],[2,5,8],[2,7,8],[3,4,7],[3,4,9],[3,5,9],[3,6,7],
 [4,5,8],[4,6,8],[4,6,9],[5,6,9],[6,7,8]]

manifold_lex_d2_n9_o1_g1_#59=[[1,2,3],[1,2,4],[1,3,5],[1,4,5],[2,3,6],
 [2,4,7],[2,5,6],[2,5,8],[2,7,8],[3,4,7],[3,4,9],[3,5,9],[3,6,7],
 [4,5,8],[4,8,9],[5,6,9],[6,7,8],[6,8,9]]

manifold_lex_d2_n9_o1_g1_#60=[[1,2,3],[1,2,4],[1,3,5],[1,4,5],[2,3,6],
 [2,4,7],[2,5,6],[2,5,8],[2,7,8],[3,5,7],[3,6,7],[4,5,8],[4,7,9],
 [4,8,9],[5,6,9],[5,7,9],[6,7,8],[6,8,9]]

manifold_lex_d2_n9_o1_g1_#61=[[1,2,3],[1,2,4],[1,3,5],[1,4,5],[2,3,6],
 [2,4,7],[2,5,6],[2,5,8],[2,7,8],[3,5,7],[3,6,8],[3,7,8],[4,5,8],
 [4,6,8],[4,6,9],[4,7,9],[5,6,9],[5,7,9]]

manifold_lex_d2_n9_o1_g1_#62=[[1,2,3],[1,2,4],[1,3,5],[1,4,5],[2,3,6],
 [2,4,7],[2,5,6],[2,5,8],[2,7,8],[3,5,7],[3,6,8],[3,7,8],[4,5,8],
 [4,7,9],[4,8,9],[5,6,7],[6,7,9],[6,8,9]]

manifold_lex_d2_n9_o1_g1_#63=[[1,2,3],[1,2,4],[1,3,5],[1,4,5],[2,3,6],
 [2,4,7],[2,5,6],[2,5,8],[2,7,8],[3,5,7],[3,6,8],[3,7,8],[4,5,8],
 [4,7,9],[4,8,9],[5,6,9],[5,7,9],[6,8,9]]

manifold_lex_d2_n9_o1_g1_#64=[[1,2,3],[1,2,4],[1,3,5],[1,4,5],[2,3,6],
 [2,4,7],[2,5,6],[2,5,8],[2,7,8],[3,5,7],[3,6,8],[3,7,8],[4,5,9],
 [4,6,7],[4,6,9],[5,6,7],[5,8,9],[6,8,9]]

manifold_lex_d2_n9_o1_g1_#65=[[1,2,3],[1,2,4],[1,3,5],[1,4,5],[2,3,6],
 [2,4,7],[2,5,6],[2,5,8],[2,7,8],[3,5,7],[3,6,8],[3,7,8],[4,5,9],
 [4,7,9],[5,6,7],[5,8,9],[6,7,9],[6,8,9]]

manifold_lex_d2_n9_o1_g1_#66=[[1,2,3],[1,2,4],[1,3,5],[1,4,5],[2,3,6],
 [2,4,7],[2,5,6],[2,5,8],[2,7,8],[3,5,7],[3,6,9],[3,7,8],[3,8,9],
 [4,5,8],[4,6,7],[4,6,9],[4,8,9],[5,6,7]]

manifold_lex_d2_n9_o1_g1_#67=[[1,2,3],[1,2,4],[1,3,5],[1,4,5],[2,3,6],
 [2,4,7],[2,5,6],[2,5,8],[2,7,8],[3,5,7],[3,6,9],[3,7,8],[3,8,9],
 [4,5,8],[4,7,9],[4,8,9],[5,6,7],[6,7,9]]

manifold_lex_d2_n9_o1_g1_#68=[[1,2,3],[1,2,4],[1,3,5],[1,4,5],[2,3,6],
 [2,4,7],[2,5,6],[2,5,8],[2,7,8],[3,5,7],[3,6,9],[3,7,8],[3,8,9],
 [4,5,8],[4,7,9],[4,8,9],[5,6,9],[5,7,9]]

manifold_lex_d2_n9_o1_g1_#69=[[1,2,3],[1,2,4],[1,3,5],[1,4,5],[2,3,6],
 [2,4,7],[2,5,6],[2,5,8],[2,7,8],[3,5,7],[3,6,9],[3,7,8],[3,8,9],
 [4,5,9],[4,6,7],[4,6,9],[5,6,7],[5,8,9]]

manifold_lex_d2_n9_o1_g1_#70=[[1,2,3],[1,2,4],[1,3,5],[1,4,5],[2,3,6],
 [2,4,7],[2,5,6],[2,5,8],[2,7,8],[3,5,7],[3,6,9],[3,7,8],[3,8,9],
 [4,5,9],[4,7,9],[5,6,7],[5,8,9],[6,7,9]]

manifold_lex_d2_n9_o1_g1_#71=[[1,2,3],[1,2,4],[1,3,5],[1,4,5],[2,3,6],
 [2,4,7],[2,5,6],[2,5,8],[2,7,8],[3,5,9],[3,6,7],[3,7,9],[4,5,8],
 [4,6,8],[4,6,9],[4,7,9],[5,6,9],[6,7,8]]

manifold_lex_d2_n9_o1_g1_#72=[[1,2,3],[1,2,4],[1,3,5],[1,4,5],[2,3,6],
 [2,4,7],[2,5,6],[2,5,8],[2,7,8],[3,5,9],[3,6,7],[3,7,9],[4,5,8],
 [4,7,9],[4,8,9],[5,6,9],[6,7,8],[6,8,9]]

manifold_lex_d2_n9_o1_g1_#73=[[1,2,3],[1,2,4],[1,3,5],[1,4,5],[2,3,6],
 [2,4,7],[2,5,6],[2,5,8],[2,7,8],[3,5,9],[3,6,8],[3,7,8],[3,7,9],
 [4,5,8],[4,6,7],[4,6,8],[5,6,9],[6,7,9]]

manifold_lex_d2_n9_o1_g1_#74=[[1,2,3],[1,2,4],[1,3,5],[1,4,5],[2,3,6],
 [2,4,7],[2,5,6],[2,5,8],[2,7,8],[3,5,9],[3,6,8],[3,7,8],[3,7,9],
 [4,5,8],[4,6,8],[4,6,9],[4,7,9],[5,6,9]]

manifold_lex_d2_n9_o1_g1_#75=[[1,2,3],[1,2,4],[1,3,5],[1,4,5],[2,3,6],
 [2,4,7],[2,5,6],[2,5,8],[2,7,8],[3,5,9],[3,6,8],[3,8,9],[4,5,8],
 [4,6,7],[4,6,8],[5,6,9],[6,7,9],[7,8,9]]

manifold_lex_d2_n9_o1_g1_#76=[[1,2,3],[1,2,4],[1,3,5],[1,4,5],[2,3,6],
 [2,4,7],[2,5,6],[2,5,8],[2,7,8],[3,5,9],[3,6,9],[4,5,8],[4,6,7],
 [4,6,8],[5,6,7],[5,7,9],[6,8,9],[7,8,9]]

manifold_lex_d2_n9_o1_g1_#77=[[1,2,3],[1,2,4],[1,3,5],[1,4,5],[2,3,6],
 [2,4,7],[2,5,6],[2,5,8],[2,7,8],[3,5,9],[3,6,9],[4,5,8],[4,6,7],
 [4,6,9],[4,8,9],[5,6,7],[5,7,9],[7,8,9]]

manifold_lex_d2_n9_o1_g1_#78=[[1,2,3],[1,2,4],[1,3,5],[1,4,5],[2,3,6],
 [2,4,7],[2,5,6],[2,5,8],[2,7,9],[2,8,9],[3,5,9],[3,6,8],[3,8,9],
 [4,5,8],[4,6,7],[4,6,8],[5,6,7],[5,7,9]]

manifold_lex_d2_n9_o1_g1_#79=[[1,2,3],[1,2,4],[1,3,5],[1,4,5],[2,3,6],
 [2,4,7],[2,5,6],[2,5,8],[2,7,9],[2,8,9],[3,5,9],[3,6,8],[3,8,9],
 [4,5,8],[4,7,8],[5,6,7],[5,7,9],[6,7,8]]

manifold_lex_d2_n9_o1_g1_#80=[[1,2,3],[1,2,4],[1,3,5],[1,4,5],[2,3,6],
 [2,4,7],[2,5,6],[2,5,8],[2,7,9],[2,8,9],[3,5,9],[3,6,9],[4,5,8],
 [4,7,8],[5,6,7],[5,7,9],[6,7,8],[6,8,9]]

manifold_lex_d2_n9_o1_g1_#81=[[1,2,3],[1,2,4],[1,3,5],[1,4,5],[2,3,6],
 [2,4,7],[2,5,8],[2,5,9],[2,6,8],[2,7,9],[3,5,7],[3,6,9],[3,7,9],
 [4,5,6],[4,6,8],[4,7,8],[5,6,9],[5,7,8]]

manifold_lex_d2_n9_o1_g1_#82=[[1,2,3],[1,2,4],[1,3,5],[1,4,5],[2,3,6],
 [2,4,7],[2,6,7],[3,5,7],[3,6,8],[3,7,9],[3,8,9],[4,5,6],[4,6,9],
 [4,7,8],[4,8,9],[5,6,8],[5,7,8],[6,7,9]]

manifold_lex_d2_n9_o1_g1_#83=[[1,2,3],[1,2,4],[1,3,5],[1,4,5],[2,3,6],
 [2,4,7],[2,6,7],[3,5,7],[3,6,8],[3,7,9],[3,8,9],[4,5,9],[4,7,8],
 [4,8,9],[5,6,8],[5,6,9],[5,7,8],[6,7,9]]

manifold_lex_d2_n9_o1_g1_#84=[[1,2,3],[1,2,4],[1,3,5],[1,4,5],[2,3,6],
 [2,4,7],[2,6,7],[3,5,8],[3,6,9],[3,7,8],[3,7,9],[4,5,9],[4,6,8],
 [4,6,9],[4,7,8],[5,6,7],[5,6,8],[5,7,9]]

manifold_lex_d2_n9_o1_g1_#85=[[1,2,3],[1,2,4],[1,3,5],[1,4,5],[2,3,6],
 [2,4,7],[2,6,7],[3,5,8],[3,6,9],[3,7,8],[3,7,9],[4,5,9],[4,7,8],
 [4,8,9],[5,6,7],[5,6,8],[5,7,9],[6,8,9]]

manifold_lex_d2_n9_o1_g1_#86=[[1,2,3],[1,2,4],[1,3,5],[1,4,5],[2,3,6],
 [2,4,7],[2,6,8],[2,7,8],[3,5,7],[3,6,9],[3,7,8],[3,8,9],[4,5,6],
 [4,6,8],[4,7,9],[4,8,9],[5,6,9],[5,7,9]]

manifold_lex_d2_n9_o1_g1_#87=[[1,2,3],[1,2,4],[1,3,5],[1,4,5],[2,3,6],
 [2,4,7],[2,6,8],[2,7,8],[3,5,7],[3,6,9],[3,7,8],[3,8,9],[4,5,8],
 [4,7,9],[4,8,9],[5,6,7],[5,6,8],[6,7,9]]

manifold_lex_d2_n9_o1_g1_#88=[[1,2,3],[1,2,4],[1,3,5],[1,4,5],[2,3,6],
 [2,4,7],[2,6,8],[2,7,8],[3,5,7],[3,6,9],[3,7,8],[3,8,9],[4,5,8],
 [4,7,9],[4,8,9],[5,6,8],[5,6,9],[5,7,9]]

manifold_lex_d2_n9_o1_g1_#89=[[1,2,3],[1,2,4],[1,3,5],[1,4,6],[1,5,6],
 [2,3,6],[2,4,5],[2,5,7],[2,6,7],[3,5,7],[3,6,8],[3,7,8],[4,5,9],
 [4,6,9],[5,6,8],[5,8,9],[6,7,9],[7,8,9]]

manifold_lex_d2_n9_o1_g1_#90=[[1,2,3],[1,2,4],[1,3,5],[1,4,6],[1,5,6],
 [2,3,6],[2,4,5],[2,5,7],[2,6,7],[3,5,7],[3,6,8],[3,7,9],[3,8,9],
 [4,5,8],[4,6,9],[4,8,9],[5,6,8],[6,7,9]]

manifold_lex_d2_n9_o1_g1_#91=[[1,2,3],[1,2,4],[1,3,5],[1,4,6],[1,5,6],
 [2,3,6],[2,4,5],[2,5,7],[2,6,8],[2,7,8],[3,5,7],[3,6,7],[4,5,9],
 [4,6,8],[4,8,9],[5,6,9],[6,7,9],[7,8,9]]

manifold_lex_d2_n9_o1_g1_#92=[[1,2,3],[1,2,4],[1,3,5],[1,4,6],[1,5,6],
 [2,3,6],[2,4,5],[2,5,7],[2,6,8],[2,7,8],[3,5,7],[3,6,9],[3,7,9],
 [4,5,9],[4,6,8],[4,8,9],[5,6,9],[7,8,9]]

manifold_lex_d2_n9_o1_g1_#93=[[1,2,3],[1,2,4],[1,3,5],[1,4,6],[1,5,6],
 [2,3,6],[2,4,5],[2,5,7],[2,6,8],[2,7,9],[2,8,9],[3,5,7],[3,6,7],
 [4,5,8],[4,6,8],[5,6,9],[5,8,9],[6,7,9]]

manifold_lex_d2_n9_o1_g1_#94=[[1,2,3],[1,2,4],[1,3,5],[1,4,6],[1,5,6],
 [2,3,6],[2,4,7],[2,5,7],[2,5,8],[2,6,8],[3,5,8],[3,6,7],[3,7,9],
 [3,8,9],[4,6,9],[4,7,9],[5,6,7],[6,8,9]]

manifold_lex_d2_n9_o1_g1_#95=[[1,2,3],[1,2,4],[1,3,5],[1,4,6],[1,5,6],
 [2,3,6],[2,4,7],[2,5,7],[2,5,8],[2,6,8],[3,5,8],[3,6,9],[3,8,9],
 [4,6,8],[4,7,8],[5,6,9],[5,7,9],[7,8,9]]

manifold_lex_d2_n9_o1_g1_#96=[[1,2,3],[1,2,4],[1,3,5],[1,4,6],[1,5,6],
 [2,3,6],[2,4,7],[2,5,7],[2,5,8],[2,6,8],[3,5,8],[3,6,9],[3,8,9],
 [4,6,8],[4,7,9],[4,8,9],[5,6,7],[6,7,9]]

manifold_lex_d2_n9_o1_g1_#97=[[1,2,3],[1,2,4],[1,3,5],[1,4,6],[1,5,6],
 [2,3,6],[2,4,7],[2,5,7],[2,5,8],[2,6,8],[3,5,9],[3,6,7],[3,7,9],
 [4,6,8],[4,7,9],[4,8,9],[5,6,7],[5,8,9]]

manifold_lex_d2_n9_o1_g1_#98=[[1,2,3],[1,2,4],[1,3,5],[1,4,6],[1,5,6],
 [2,3,6],[2,4,7],[2,5,7],[2,5,8],[2,6,8],[3,5,9],[3,6,9],[4,6,8],
 [4,7,8],[5,6,7],[5,8,9],[6,7,9],[7,8,9]]

manifold_lex_d2_n9_o1_g1_#99=[[1,2,3],[1,2,4],[1,3,5],[1,4,6],[1,5,6],
 [2,3,6],[2,4,7],[2,5,7],[2,5,8],[2,6,8],[3,5,9],[3,6,9],[4,6,8],
 [4,7,9],[4,8,9],[5,6,7],[5,8,9],[6,7,9]]

manifold_lex_d2_n9_o1_g1_#100=[[1,2,3],[1,2,4],[1,3,5],[1,4,6],[1,5,6],
 [2,3,6],[2,4,7],[2,6,7],[3,5,7],[3,6,8],[3,7,9],[3,8,9],[4,5,7],
 [4,5,8],[4,6,9],[4,8,9],[5,6,8],[6,7,9]]

manifold_lex_d2_n9_o1_g1_#101=[[1,2,3],[1,2,4],[1,3,5],[1,4,6],[1,5,6],
 [2,3,6],[2,4,7],[2,6,7],[3,5,8],[3,6,9],[3,8,9],[4,6,8],[4,7,9],
 [4,8,9],[5,6,9],[5,7,8],[5,7,9],[6,7,8]]

manifold_lex_d2_n9_o1_g1_#102=[[1,2,3],[1,2,4],[1,3,5],[1,4,6],[1,5,6],
 [2,3,6],[2,4,7],[2,6,8],[2,7,8],[3,5,7],[3,6,9],[3,7,8],[3,8,9],
 [4,5,7],[4,5,9],[4,6,8],[4,8,9],[5,6,9]]

manifold_lex_d2_n9_o1_g1_#103=[[1,2,3],[1,2,4],[1,3,5],[1,4,6],[1,5,6],
 [2,3,6],[2,4,7],[2,6,8],[2,7,8],[3,5,7],[3,6,9],[3,7,8],[3,8,9],
 [4,6,8],[4,7,9],[4,8,9],[5,6,9],[5,7,9]]

manifold_lex_d2_n9_o1_g1_#104=[[1,2,3],[1,2,4],[1,3,5],[1,4,6],[1,5,6],
 [2,3,6],[2,4,7],[2,6,8],[2,7,8],[3,5,7],[3,6,9],[3,7,9],[4,5,7],
 [4,5,8],[4,6,8],[5,6,9],[5,8,9],[7,8,9]]

manifold_lex_d2_n9_o1_g1_#105=[[1,2,3],[1,2,4],[1,3,5],[1,4,6],[1,5,6],
 [2,3,6],[2,4,7],[2,6,8],[2,7,8],[3,5,8],[3,6,9],[3,8,9],[4,6,8],
 [4,7,9],[4,8,9],[5,6,9],[5,7,8],[5,7,9]]

manifold_lex_d2_n9_o1_g1_#106=[[1,2,3],[1,2,4],[1,3,5],[1,4,6],[1,5,6],
 [2,3,7],[2,4,8],[2,5,7],[2,5,8],[3,4,7],[3,4,9],[3,5,9],[4,6,9],
 [4,7,8],[5,6,8],[5,7,9],[6,8,9],[7,8,9]]

manifold_lex_d2_n9_o1_g1_#107=[[1,2,3],[1,2,4],[1,3,5],[1,4,6],[1,5,6],
 [2,3,7],[2,4,8],[2,5,7],[2,5,8],[3,4,8],[3,4,9],[3,5,9],[3,7,8],
 [4,6,9],[5,6,8],[5,7,9],[6,7,8],[6,7,9]]

manifold_lex_d2_n9_o1_g1_#108=[[1,2,3],[1,2,4],[1,3,5],[1,4,6],[1,5,6],
 [2,3,7],[2,4,8],[2,5,7],[2,5,8],[3,5,9],[3,6,7],[3,6,8],[3,8,9],
 [4,6,7],[4,7,9],[4,8,9],[5,6,8],[5,7,9]]

manifold_lex_d2_n9_o1_g1_#109=[[1,2,3],[1,2,4],[1,3,5],[1,4,6],[1,5,6],
 [2,3,7],[2,4,8],[2,5,7],[2,5,8],[3,5,9],[3,7,8],[3,8,9],[4,6,9],
 [4,8,9],[5,6,8],[5,7,9],[6,7,8],[6,7,9]]

manifold_lex_d2_n9_o1_g1_#110=[[1,2,3],[1,2,4],[1,3,5],[1,4,6],[1,5,6],
 [2,3,7],[2,4,8],[2,5,7],[2,5,9],[2,8,9],[3,5,8],[3,7,9],[3,8,9],
 [4,6,7],[4,7,8],[5,6,9],[5,7,8],[6,7,9]]

manifold_lex_d2_n9_o1_g1_#111=[[1,2,3],[1,2,4],[1,3,5],[1,4,6],[1,5,7],
 [1,6,7],[2,3,6],[2,4,8],[2,6,9],[2,8,9],[3,5,8],[3,6,7],[3,7,8],
 [4,5,8],[4,5,9],[4,6,9],[5,7,9],[7,8,9]]

manifold_lex_d2_n9_o1_g1_#112=[[1,2,3],[1,2,4],[1,3,5],[1,4,6],[1,5,7],
 [1,6,7],[2,3,8],[2,4,9],[2,7,8],[2,7,9],[3,5,9],[3,6,8],[3,6,9],
 [4,5,8],[4,5,9],[4,6,8],[5,7,8],[6,7,9]]
